   1.0100000000000000        1839.0603705167712     
   1.0200000000000000        1717.4871168983332     
   1.0300000000000000        1603.9343150079849     
   1.0400000000000000        1497.8729156195977     
   1.0500000000000000        1398.8087665599239     
   1.0600000000000001        1306.2803108370299     
   1.0700000000000001        1219.8564366042597     
   1.0800000000000001        1139.1344689443845     
   1.0900000000000001        1063.7382941192172     
   1.1000000000000001        993.31660754705808     
   1.1100000000000001        927.54127734664041     
   1.1200000000000001        866.10581582463635     
   1.1300000000000001        808.72395178653176     
   1.1400000000000001        755.12829702042586     
   1.1500000000000001        705.06910074191467     
   1.1600000000000001        658.31308619799108     
   1.1700000000000002        614.64236401062033     
   1.1800000000000002        573.85341719810015     
   1.1900000000000002        535.75615314620927     
   1.2000000000000002        500.17301811301570     
   1.2100000000000002        466.93817014252096     
   1.2200000000000002        435.89670653438191     
   1.2300000000000002        406.90394227110767     
   1.2400000000000002        379.82473604146480     
   1.2500000000000002        354.53286072058842     
   1.2600000000000002        330.91041537432631     
   1.2700000000000002        308.84727604882642     
   1.2800000000000002        288.24058278701921     
   1.2900000000000003        268.99426048239604     
   1.3000000000000003        251.01857133812334     
   1.3100000000000003        234.22969684675138     
   1.3200000000000003        218.54934734327733     
   1.3300000000000003        203.90439731278224     
   1.3400000000000003        190.22654475382470     
   1.3500000000000003        177.45199301082698     
   1.3600000000000003        165.52115359336116     
   1.3700000000000003        154.37836859800473     
   1.3800000000000003        143.97165143973905     
   1.3900000000000003        134.25244468516885     
   1.4000000000000004        125.17539385948872     
   1.4100000000000004        116.69813617354420     
   1.4200000000000004        108.78110318683272     
   1.4300000000000004        101.38733648720105     
   1.4400000000000004        94.482315528636633     
   1.4500000000000004        88.033796825186187     
   1.4600000000000004        82.011663751926704     
   1.4700000000000004        76.387786253331313     
   1.4800000000000004        71.135889805521543     
   1.4900000000000004        66.231433022001283     
   1.5000000000000004        61.651493332733146     
   1.5100000000000005        57.374660204027954     
   1.5200000000000005        53.380935401837938     
   1.5300000000000005        49.651639833862021     
   1.5400000000000005        46.169326536510432     
   1.5500000000000005        42.917699401403603     
   1.5600000000000005        39.881537262816764     
   1.5700000000000005        37.046622992450772     
   1.5800000000000005        34.399677271237998     
   1.5900000000000005        31.928296729678586     
   1.6000000000000005        29.620896168549191     
   1.6100000000000005        27.466654590837077     
   1.6200000000000006        25.455464793504294     
   1.6300000000000006        23.577886284268132     
   1.6400000000000006        21.825101304075385     
   1.6500000000000006        20.188873750412260     
   1.6600000000000006        18.661510810105753     
   1.6700000000000006        17.235827122894602     
   1.6800000000000006        15.905111308834499     
   1.6900000000000006        14.663094703615519     
   1.7000000000000006        13.503922156154260     
   1.7100000000000006        12.422124752428518     
   1.7200000000000006        11.412594338496861     
   1.7300000000000006        10.470559724025588     
   1.7400000000000007        9.5915644554733088     
   1.7500000000000007        8.7714460553965488     
   1.7600000000000007        8.0063166311676355     
   1.7700000000000007        7.2925447627765134     
   1.7800000000000007        6.6267385853458141     
   1.7900000000000007        6.0057299875534875     
   1.8000000000000007        5.4265598523559646     
   1.8100000000000007        4.8864642712599720     
   1.8200000000000007        4.3828616679256518     
   1.8300000000000007        3.9133407711201689     
   1.8400000000000007        3.4756493809971278     
   1.8500000000000008        3.0676838763724401     
   1.8600000000000008        2.6874794141193408     
   1.8700000000000008        2.3332007750291659     
   1.8800000000000008        2.0031338134957246     
   1.8900000000000008        1.6956774711941711     
   1.9000000000000008        1.4093363175521416     
   1.9100000000000008        1.1427135822650700     
   1.9200000000000008       0.89450464739959790     
   1.9300000000000008       0.66349096876980163     
   1.9400000000000008       0.44853439827058539     
   1.9500000000000008       0.24857188072054726     
   1.9600000000000009        6.2610500510824174E-002
   1.9700000000000009      -0.11027714501379959     
   1.9800000000000009      -0.27095726699333778     
   1.9900000000000009      -0.42023892144097497     
   2.0000000000000009      -0.55887777938361705     
   2.0100000000000007      -0.68757964831692098     
   2.0200000000000005      -0.80700376137849372     
   2.0300000000000002      -0.91776584956098639     
   2.0400000000000000       -1.0204410112761411     
   2.0499999999999998       -1.1155663926369284     
   2.0599999999999996       -1.2036436909431150     
   2.0699999999999994       -1.2851414930320784     
   2.0799999999999992       -1.3604974593874590     
   2.0899999999999990       -1.4301203641797500     
   2.0999999999999988       -1.4943920007417721     
   2.1099999999999985       -1.5536689613552368     
   2.1199999999999983       -1.6082842996390374     
   2.1299999999999981       -1.6585490832830643     
   2.1399999999999979       -1.7047538443605581     
   2.1499999999999977       -1.7471699339749125     
   2.1599999999999975       -1.7860507875511722     
   2.1699999999999973       -1.8216331066662901     
   2.1799999999999971       -1.8541379629233776     
   2.1899999999999968       -1.8837718290120766     
   2.1999999999999966       -1.9107275417579814     
   2.2099999999999964       -1.9351852016472375     
   2.2199999999999962       -1.9573130130165315     
   2.2299999999999960       -1.9772680688222817     
   2.2399999999999958       -1.9951970836446973     
   2.2499999999999956       -2.0112370783412157     
   2.2599999999999953       -2.0255160195386197     
   2.2699999999999951       -2.0381534169427589     
   2.2799999999999949       -2.0492608812482911     
   2.2899999999999947       -2.0589426452473534     
   2.2999999999999945       -2.0672960505646136     
   2.3099999999999943       -2.0744120022860644     
   2.3199999999999941       -2.0803753935993283     
   2.3299999999999939       -2.0852655024235895     
   2.3399999999999936       -2.0891563618767526     
   2.3499999999999934       -2.0921171063055777     
   2.3599999999999932       -2.0942122944907089     
   2.3699999999999930       -2.0955022115321706     
   2.3799999999999928       -2.0960431508216186     
   2.3899999999999926       -2.0958876774148534     
   2.3999999999999924       -2.0950848740314725     
   2.4099999999999921       -2.0936805708276052     
   2.4199999999999919       -2.0917175600120927     
   2.4299999999999917       -2.0892357963058612     
   2.4399999999999915       -2.0862725841783059     
   2.4499999999999913       -2.0828627527328885     
   2.4599999999999911       -2.0790388190566453     
   2.4699999999999909       -2.0748311407945308     
   2.4799999999999907       -2.0702680586593591     
   2.4899999999999904       -2.0653760295412078     
   2.4999999999999902       -2.0601797508363608     
   2.5099999999999900       -2.0547022765749632     
   2.5199999999999898       -2.0489651258883743     
   2.5299999999999896       -2.0429883843214842     
   2.5399999999999894       -2.0367907984619826     
   2.5499999999999892       -2.0303898643273830     
   2.5599999999999890       -2.0238019099215658     
   2.5699999999999887       -2.0170421723454295     
   2.5799999999999885       -2.0101248698208685     
   2.5899999999999883       -2.0030632689636065     
   2.5999999999999881       -1.9958697476182861     
   2.6099999999999879       -1.9885558535485246     
   2.6199999999999877       -1.9811323592553700     
   2.6299999999999875       -1.9736093131795138     
   2.6399999999999872       -1.9659960875258218     
   2.6499999999999870       -1.9583014229329534     
   2.6599999999999868       -1.9505334701962034     
   2.6699999999999866       -1.9426998292379165     
   2.6799999999999864       -1.9348075855070510     
   2.6899999999999862       -1.9268633439774596     
   2.6999999999999860       -1.9188732609032837     
   2.7099999999999858       -1.9108430734794122     
   2.7199999999999855       -1.9027781275451818     
   2.7299999999999853       -1.8946834034604076     
   2.7399999999999851       -1.8865635402742800     
   2.7499999999999849       -1.8784228582997566     
   2.7599999999999847       -1.8702653801986135     
   2.7699999999999845       -1.8620948506753987     
   2.7799999999999843       -1.8539147548720531     
   2.7899999999999840       -1.8457283355489025     
   2.7999999999999838       -1.8375386091320733     
   2.8099999999999836       -1.8293483807021178     
   2.8199999999999834       -1.8211602579936683     
   2.8299999999999832       -1.8129766644713807     
   2.8399999999999830       -1.8047998515430785     
   2.8499999999999828       -1.7966319099670229     
   2.8599999999999826       -1.7884747805064591     
   2.8699999999999823       -1.7803302638810958     
   2.8799999999999821       -1.7722000300618965     
   2.8899999999999819       -1.7640856269524914     
   2.8999999999999817       -1.7559884884976820     
   2.9099999999999815       -1.7479099422568203     
   2.9199999999999813       -1.7398512164773676     
   2.9299999999999811       -1.7318134467016026     
   2.9399999999999809       -1.7237976819372700     
   2.9499999999999806       -1.7158048904209391     
   2.9599999999999804       -1.7078359650009367     
   2.9699999999999802       -1.6998917281649510     
   2.9799999999999800       -1.6919729367357428     
   2.9899999999999798       -1.6840802862568591     
   2.9999999999999796       -1.6762144150888025     
   3.0099999999999794       -1.6683759082347456     
   3.0199999999999791       -1.6605653009136463     
   3.0299999999999789       -1.6527830818974116     
   3.0399999999999787       -1.6450296966276858     
   3.0499999999999785       -1.6373055501268003     
   3.0599999999999783       -1.6296110097164527     
   3.0699999999999781       -1.6219464075568146     
   3.0799999999999779       -1.6143120430179008     
   3.0899999999999777       -1.6067081848942759     
   3.0999999999999774       -1.5991350734734215     
   3.1099999999999772       -1.5915929224674323     
   3.1199999999999770       -1.5840819208170449     
   3.1299999999999768       -1.5766022343764265     
   3.1399999999999766       -1.5691540074865937     
   3.1499999999999764       -1.5617373644448000     
   3.1599999999999762       -1.5543524108767643     
   3.1699999999999759       -1.5469992350181436     
   3.1799999999999757       -1.5396779089112411     
   3.1899999999999755       -1.5323884895225415     
   3.1999999999999753       -1.5251310197862948     
   3.2099999999999751       -1.5179055295790318     
   3.2199999999999749       -1.5107120366295634     
   3.2299999999999747       -1.5035505473687241     
   3.2399999999999745       -1.4964210577228358     
   3.2499999999999742       -1.4893235538545988     
   3.2599999999999740       -1.4822580128548914     
   3.2699999999999738       -1.4752244033887003     
   3.2799999999999736       -1.4682226862982275     
   3.2899999999999734       -1.4612528151659820     
   3.2999999999999732       -1.4543147368405096     
   3.3099999999999730       -1.4474083919272198     
   3.3199999999999728       -1.4405337152466147     
   3.3299999999999725       -1.4336906362620725     
   3.3399999999999723       -1.4268790794791908     
   3.3499999999999721       -1.4200989648185718     
   3.3599999999999719       -1.4133502079638025     
   3.3699999999999717       -1.4066327206862581     
   3.3799999999999715       -1.3999464111482709     
   3.3899999999999713       -1.3932911841860836     
   3.3999999999999710       -1.3866669415739272     
   3.4099999999999708       -1.3800735822704635     
   3.4199999999999706       -1.3735110026487642     
   3.4299999999999704       -1.3669790967109074     
   3.4399999999999702       -1.3604777562882071     
   3.4499999999999700       -1.3540068712280324     
   3.4599999999999698       -1.3475663295680884     
   3.4699999999999696       -1.3411560176990005     
   3.4799999999999693       -1.3347758205159672     
   3.4899999999999691       -1.3284256215602022     
   3.4999999999999689       -1.3221053031508463     
   3.5099999999999687       -1.3158147465079724     
   3.5199999999999685       -1.3095538318672784     
   3.5299999999999683       -1.3033224385870101     
   3.5399999999999681       -1.2971204452476339     
   3.5499999999999678       -1.2909477297447354     
   3.5599999999999676       -1.2848041693755909     
   3.5699999999999674       -1.2786896409198343     
   3.5799999999999672       -1.2726040207146025     
   3.5899999999999670       -1.2665471847245333     
   3.5999999999999668       -1.2605190086069484     
   3.6099999999999666       -1.2545193677725461     
   3.6199999999999664       -1.2485481374418965     
   3.6299999999999661       -1.2426051926980179     
   3.6399999999999659       -1.2366904085352988     
   3.6499999999999657       -1.2308036599049950     
   3.6599999999999655       -1.2249448217575467     
   3.6699999999999653       -1.2191137690819094     
   3.6799999999999651       -1.2133103769421043     
   3.6899999999999649       -1.2075345205111767     
   3.6999999999999647       -1.2017860751027207     
   3.7099999999999644       -1.1960649162001484     
   3.7199999999999642       -1.1903709194838401     
   3.7299999999999640       -1.1847039608563208     
   3.7399999999999638       -1.1790639164655983     
   3.7499999999999636       -1.1734506627267765     
   3.7599999999999634       -1.1678640763420665     
   3.7699999999999632       -1.1623040343192952     
   3.7799999999999629       -1.1567704139890171     
   3.7899999999999627       -1.1512630930203214     
   3.7999999999999625       -1.1457819494354138     
   3.8099999999999623       -1.1403268616230684     
   3.8199999999999621       -1.1348977083510110     
   3.8299999999999619       -1.1294943687773158     
   3.8399999999999617       -1.1241167224608746     
   3.8499999999999615       -1.1187646493710022     
   3.8599999999999612       -1.1134380298962416     
   3.8699999999999610       -1.1081367448524104     
   3.8799999999999608       -1.1028606754899530     
   3.8899999999999606       -1.0976097035006334     
   3.8999999999999604       -1.0923837110236216     
   3.9099999999999602       -1.0871825806510109     
   3.9199999999999600       -1.0820061954328009     
   3.9299999999999597       -1.0768544388813905     
   3.9399999999999595       -1.0717271949756062     
   3.9499999999999593       -1.0666243481643012     
   3.9599999999999591       -1.0615457833695536     
   3.9699999999999589       -1.0564913859894918     
   3.9799999999999587       -1.0514610419007684     
   3.9899999999999585       -1.0464546374607122     
   3.9999999999999583       -1.0414720595091784     
   4.0099999999999580       -1.0365131953701139     
   4.0199999999999578       -1.0315779328528631     
   4.0299999999999576       -1.0266661602532277     
   4.0399999999999574       -1.0217777663542995     
   4.0499999999999572       -1.0169126404270838     
   4.0599999999999570       -1.0120706722309194     
   4.0699999999999568       -1.0072517520137254     
   4.0799999999999566       -1.0024557705120658     
   4.0899999999999563      -0.99768261895106547     
   4.0999999999999561      -0.99293218904417491     
   4.1099999999999559      -0.98820437299279618     
   4.1199999999999557      -0.98349906348578642     
   4.1299999999999555      -0.97881615369883845     
   4.1399999999999553      -0.97415553729375692     
   4.1499999999999551      -0.96951710841762795     
   4.1599999999999548      -0.96490076170189865     
   4.1699999999999546      -0.96030639226136738     
   4.1799999999999544      -0.95573389569309308     
   4.1899999999999542      -0.95118316807523218     
   4.1999999999999540      -0.94665410596580257     
   4.2099999999999538      -0.94214660640138748     
   4.2199999999999536      -0.93766056689577881     
   4.2299999999999534      -0.93319588543856491     
   4.2399999999999531      -0.92875246049367111     
   4.2499999999999529      -0.92433019099785130     
   4.2599999999999527      -0.91992897635913906     
   4.2699999999999525      -0.91554871645525893     
   4.2799999999999523      -0.91118931163200145     
   4.2899999999999521      -0.90685066270156856     
   4.2999999999999519      -0.90253267094088430     
   4.3099999999999516      -0.89823523808988293     
   4.3199999999999514      -0.89395826634976938     
   4.3299999999999512      -0.88970165838125803     
   4.3399999999999510      -0.88546531730279232     
   4.3499999999999508      -0.88124914668874332     
   4.3599999999999506      -0.87705305056759586     
   4.3699999999999504      -0.87287693342011508     
   4.3799999999999502      -0.86872070017750447     
   4.3899999999999499      -0.86458425621954837     
   4.3999999999999497      -0.86046750737274724     
   4.4099999999999495      -0.85637035990844246     
   4.4199999999999493      -0.85229272054093308     
   4.4299999999999491      -0.84823449642558801     
   4.4399999999999489      -0.84419559515694986     
   4.4499999999999487      -0.84017592476683689     
   4.4599999999999485      -0.83617539372243899     
   4.4699999999999482      -0.83219391092441353     
   4.4799999999999480      -0.82823138570497701     
   4.4899999999999478      -0.82428772782599558     
   4.4999999999999476      -0.82036284747707722     
   4.5099999999999474      -0.81645665527366151     
   4.5199999999999472      -0.81256906225511039     
   4.5299999999999470      -0.80869997988280284     
   4.5399999999999467      -0.80484932003822740     
   4.5499999999999465      -0.80101699502108004     
   4.5599999999999463      -0.79720291754736183     
   4.5699999999999461      -0.79340700074748405     
   4.5799999999999459      -0.78962915816437074     
   4.5899999999999457      -0.78586930375157082     
   4.5999999999999455      -0.78212735187137128     
   4.6099999999999453      -0.77840321729291384     
   4.6199999999999450      -0.77469681519032030     
   4.6299999999999448      -0.77100806114081899     
   4.6399999999999446      -0.76733687112287718     
   4.6499999999999444      -0.76368316151434179     
   4.6599999999999442      -0.76004684909058073     
   4.6699999999999440      -0.75642785102263566     
   4.6799999999999438      -0.75282608487537583     
   4.6899999999999435      -0.74924146860566143     
   4.6999999999999433      -0.74567392056051074     
   4.7099999999999431      -0.74212335947527619     
   4.7199999999999429      -0.73858970447182493     
   4.7299999999999427      -0.73507287505672703     
   4.7399999999999425      -0.73157279111945084     
   4.7499999999999423      -0.72808937293056286     
   4.7599999999999421      -0.72462254113993829     
   4.7699999999999418      -0.72117221677497556     
   4.7799999999999416      -0.71773832123881853     
   4.7899999999999414      -0.71432077630858737     
   4.7999999999999412      -0.71091950413361404     
   4.8099999999999410      -0.70753442723368798     
   4.8199999999999408      -0.70416546849730666     
   4.8299999999999406      -0.70081255117993335     
   4.8399999999999403      -0.69747559890226607     
   4.8499999999999401      -0.69415453564850771     
   4.8599999999999399      -0.69084928576464932     
   4.8699999999999397      -0.68755977395675660     
   4.8799999999999395      -0.68428592528926768     
   4.8899999999999393      -0.68102766518329361     
   4.8999999999999391      -0.67778491941493124     
   4.9099999999999389      -0.67455761411358039     
   4.9199999999999386      -0.67134567576026838     
   4.9299999999999384      -0.66814903118598545     
   4.9399999999999382      -0.66496760757002205     
   4.9499999999999380      -0.66180133243831929     
   4.9599999999999378      -0.65865013366182357     
   4.9699999999999376      -0.65551393945484782     
   4.9799999999999374      -0.65239267837344417     
   4.9899999999999372      -0.64928627931377980     
   4.9999999999999369      -0.64619467151052246     
   5.0099999999999367      -0.64311778453523316     
   5.0199999999999365      -0.64005554829476563     
   5.0299999999999363      -0.63700789302967331     
   5.0399999999999361      -0.63397474931262465     
   5.0499999999999359      -0.63095604804682415     
   5.0599999999999357      -0.62795172046444137     
   5.0699999999999354      -0.62496169812504843     
   5.0799999999999352      -0.62198591291406169     
   5.0899999999999350      -0.61902429704119566     
   5.0999999999999348      -0.61607678303891811     
   5.1099999999999346      -0.61314330376091697     
   5.1199999999999344      -0.61022379238057267     
   5.1299999999999342      -0.60731818238943658     
   5.1399999999999340      -0.60442640759572042     
   5.1499999999999337      -0.60154840212278760     
   5.1599999999999335      -0.59868410040765419     
   5.1699999999999333      -0.59583343719949855     
   5.1799999999999331      -0.59299634755817543     
   5.1899999999999329      -0.59017276685273723     
   5.1999999999999327      -0.58736263075996353     
   5.2099999999999325      -0.58456587526289705     
   5.2199999999999322      -0.58178243664938556     
   5.2299999999999320      -0.57901225151063340     
   5.2399999999999318      -0.57625525673975508     
   5.2499999999999316      -0.57351138953034075     
   5.2599999999999314      -0.57078058737502568     
   5.2699999999999312      -0.56806278806406596     
   5.2799999999999310      -0.56535792968392418     
   5.2899999999999308      -0.56266595061585778     
   5.2999999999999305      -0.55998678953451630     
   5.3099999999999303      -0.55732038540654594     
   5.3199999999999301      -0.55466667748919818     
   5.3299999999999299      -0.55202560532894818     
   5.3399999999999297      -0.54939710876011660     
   5.3499999999999295      -0.54678112790350020     
   5.3599999999999293      -0.54417760316500785     
   5.3699999999999291      -0.54158647523430392     
   5.3799999999999288      -0.53900768508345687     
   5.3899999999999286      -0.53644117396559465     
   5.3999999999999284      -0.53388688341356760     
   5.4099999999999282      -0.53134475523861557     
   5.4199999999999280      -0.52881473152904479     
   5.4299999999999278      -0.52629675464890635     
   5.4399999999999276      -0.52379076723668450     
   5.4499999999999273      -0.52129671220399054     
   5.4599999999999271      -0.51881453273426192     
   5.4699999999999269      -0.51634417228146889     
   5.4799999999999267      -0.51388557456882500     
   5.4899999999999265      -0.51143868358750699     
   5.4999999999999263      -0.50900344359537764     
   5.5099999999999261      -0.50657979911571671     
   5.5199999999999259      -0.50416769493595792     
   5.5299999999999256      -0.50176707610642979     
   5.5399999999999254      -0.49937788793910509     
   5.5499999999999252      -0.49700007600635460     
   5.5599999999999250      -0.49463358613970726     
   5.5699999999999248      -0.49227836442861772     
   5.5799999999999246      -0.48993435721923556     
   5.5899999999999244      -0.48760151111318534     
   5.5999999999999241      -0.48527977296634928     
   5.6099999999999239      -0.48296908988765763     
   5.6199999999999237      -0.48066940923788187     
   5.6299999999999235      -0.47838067862843792     
   5.6399999999999233      -0.47610284592019086     
   5.6499999999999231      -0.47383585922226834     
   5.6599999999999229      -0.47157966689087882     
   5.6699999999999227      -0.46933421752813337     
   5.6799999999999224      -0.46663766209663515     
   5.6899999999999222      -0.46127336936670987     
   5.6999999999999220      -0.45126741874775977     
   5.7099999999999218      -0.43545119523999259     
   5.7199999999999216      -0.41336079040959117     
   5.7299999999999214      -0.38513637912662407     
   5.7399999999999212      -0.35142159630296149     
   5.7499999999999210      -0.31326291363018416     
   5.7599999999999207      -0.27200901631749985     
   5.7699999999999205      -0.22921017982965591     
   5.7799999999999203      -0.18651764662485132     
   5.7899999999999201      -0.14558300289265044     
   5.7999999999999199      -0.10795755529189634     
   5.8099999999999197       -7.4991707688623302E-002
   5.8199999999999195       -4.7734337893970503E-002
   5.8299999999999192       -2.6832174402094695E-002
   5.8399999999999190       -1.2429173128083551E-002
   5.8499999999999188       -4.0658941458686561E-003
   5.8599999999999186       -5.7887842613865183E-004
   5.8699999999999184       -2.4574252324378467E-008
   5.8799999999999182        0.0000000000000000     
   5.8899999999999180        0.0000000000000000     
   5.8999999999999178        0.0000000000000000     
   5.9099999999999175        0.0000000000000000     
   5.9199999999999173        0.0000000000000000     
   5.9299999999999171        0.0000000000000000     
   5.9399999999999169        0.0000000000000000     
   5.9499999999999167        0.0000000000000000     
   5.9599999999999165        0.0000000000000000     
   5.9699999999999163        0.0000000000000000     
   5.9799999999999160        0.0000000000000000     
   5.9899999999999158        0.0000000000000000     
   5.9999999999999156        0.0000000000000000     
   6.0099999999999154        0.0000000000000000     
   6.0199999999999152        0.0000000000000000     
   6.0299999999999150        0.0000000000000000     
   6.0399999999999148        0.0000000000000000     
   6.0499999999999146        0.0000000000000000     
   6.0599999999999143        0.0000000000000000     
   6.0699999999999141        0.0000000000000000     
   6.0799999999999139        0.0000000000000000     
   6.0899999999999137        0.0000000000000000     
   6.0999999999999135        0.0000000000000000     
   6.1099999999999133        0.0000000000000000     
   6.1199999999999131        0.0000000000000000     
   6.1299999999999129        0.0000000000000000     
   6.1399999999999126        0.0000000000000000     
   6.1499999999999124        0.0000000000000000     
   6.1599999999999122        0.0000000000000000     
   6.1699999999999120        0.0000000000000000     
   6.1799999999999118        0.0000000000000000     
   6.1899999999999116        0.0000000000000000     
   6.1999999999999114        0.0000000000000000     
   6.2099999999999111        0.0000000000000000     
   6.2199999999999109        0.0000000000000000     
   6.2299999999999107        0.0000000000000000     
   6.2399999999999105        0.0000000000000000     
   6.2499999999999103        0.0000000000000000     
   6.2599999999999101        0.0000000000000000     
   6.2699999999999099        0.0000000000000000     
   6.2799999999999097        0.0000000000000000     
   6.2899999999999094        0.0000000000000000     
   6.2999999999999092        0.0000000000000000     
   6.3099999999999090        0.0000000000000000     
   6.3199999999999088        0.0000000000000000     
   6.3299999999999086        0.0000000000000000     
   6.3399999999999084        0.0000000000000000     
   6.3499999999999082        0.0000000000000000     
   6.3599999999999079        0.0000000000000000     
   6.3699999999999077        0.0000000000000000     
   6.3799999999999075        0.0000000000000000     
   6.3899999999999073        0.0000000000000000     
   6.3999999999999071        0.0000000000000000     
   6.4099999999999069        0.0000000000000000     
   6.4199999999999067        0.0000000000000000     
   6.4299999999999065        0.0000000000000000     
   6.4399999999999062        0.0000000000000000     
   6.4499999999999060        0.0000000000000000     
   6.4599999999999058        0.0000000000000000     
   6.4699999999999056        0.0000000000000000     
   6.4799999999999054        0.0000000000000000     
   6.4899999999999052        0.0000000000000000     
   6.4999999999999050        0.0000000000000000     
   6.5099999999999048        0.0000000000000000     
   6.5199999999999045        0.0000000000000000     
   6.5299999999999043        0.0000000000000000     
   6.5399999999999041        0.0000000000000000     
   6.5499999999999039        0.0000000000000000     
   6.5599999999999037        0.0000000000000000     
   6.5699999999999035        0.0000000000000000     
   6.5799999999999033        0.0000000000000000     
   6.5899999999999030        0.0000000000000000     
   6.5999999999999028        0.0000000000000000     
   6.6099999999999026        0.0000000000000000     
   6.6199999999999024        0.0000000000000000     
   6.6299999999999022        0.0000000000000000     
   6.6399999999999020        0.0000000000000000     
   6.6499999999999018        0.0000000000000000     
   6.6599999999999016        0.0000000000000000     
   6.6699999999999013        0.0000000000000000     
   6.6799999999999011        0.0000000000000000     
   6.6899999999999009        0.0000000000000000     
   6.6999999999999007        0.0000000000000000     
   6.7099999999999005        0.0000000000000000     
   6.7199999999999003        0.0000000000000000     
   6.7299999999999001        0.0000000000000000     
   6.7399999999998998        0.0000000000000000     
   6.7499999999998996        0.0000000000000000     
   6.7599999999998994        0.0000000000000000     
   6.7699999999998992        0.0000000000000000     
   6.7799999999998990        0.0000000000000000     
   6.7899999999998988        0.0000000000000000     
   6.7999999999998986        0.0000000000000000     
   6.8099999999998984        0.0000000000000000     
   6.8199999999998981        0.0000000000000000     
   6.8299999999998979        0.0000000000000000     
   6.8399999999998977        0.0000000000000000     
   6.8499999999998975        0.0000000000000000     
   6.8599999999998973        0.0000000000000000     
   6.8699999999998971        0.0000000000000000     
   6.8799999999998969        0.0000000000000000     
   6.8899999999998967        0.0000000000000000     
   6.8999999999998964        0.0000000000000000     
   6.9099999999998962        0.0000000000000000     
   6.9199999999998960        0.0000000000000000     
   6.9299999999998958        0.0000000000000000     
   6.9399999999998956        0.0000000000000000     
   6.9499999999998954        0.0000000000000000     
   6.9599999999998952        0.0000000000000000     
   6.9699999999998949        0.0000000000000000     
   6.9799999999998947        0.0000000000000000     
   6.9899999999998945        0.0000000000000000     
   6.9999999999998943        0.0000000000000000     
   7.0099999999998941        0.0000000000000000     
   7.0199999999998939        0.0000000000000000     
   7.0299999999998937        0.0000000000000000     
   7.0399999999998935        0.0000000000000000     
   7.0499999999998932        0.0000000000000000     
   7.0599999999998930        0.0000000000000000     
   7.0699999999998928        0.0000000000000000     
   7.0799999999998926        0.0000000000000000     
   7.0899999999998924        0.0000000000000000     
   7.0999999999998922        0.0000000000000000     
   7.1099999999998920        0.0000000000000000     
   7.1199999999998917        0.0000000000000000     
   7.1299999999998915        0.0000000000000000     
   7.1399999999998913        0.0000000000000000     
   7.1499999999998911        0.0000000000000000     
   7.1599999999998909        0.0000000000000000     
   7.1699999999998907        0.0000000000000000     
   7.1799999999998905        0.0000000000000000     
   7.1899999999998903        0.0000000000000000     
   7.1999999999998900        0.0000000000000000     
   7.2099999999998898        0.0000000000000000     
   7.2199999999998896        0.0000000000000000     
   7.2299999999998894        0.0000000000000000     
   7.2399999999998892        0.0000000000000000     
   7.2499999999998890        0.0000000000000000     
   7.2599999999998888        0.0000000000000000     
   7.2699999999998886        0.0000000000000000     
   7.2799999999998883        0.0000000000000000     
   7.2899999999998881        0.0000000000000000     
   7.2999999999998879        0.0000000000000000     
   7.3099999999998877        0.0000000000000000     
   7.3199999999998875        0.0000000000000000     
   7.3299999999998873        0.0000000000000000     
   7.3399999999998871        0.0000000000000000     
   7.3499999999998868        0.0000000000000000     
   7.3599999999998866        0.0000000000000000     
   7.3699999999998864        0.0000000000000000     
   7.3799999999998862        0.0000000000000000     
   7.3899999999998860        0.0000000000000000     
   7.3999999999998858        0.0000000000000000     
   7.4099999999998856        0.0000000000000000     
   7.4199999999998854        0.0000000000000000     
   7.4299999999998851        0.0000000000000000     
   7.4399999999998849        0.0000000000000000     
   7.4499999999998847        0.0000000000000000     
   7.4599999999998845        0.0000000000000000     
   7.4699999999998843        0.0000000000000000     
   7.4799999999998841        0.0000000000000000     
   7.4899999999998839        0.0000000000000000     
   7.4999999999998836        0.0000000000000000     
   7.5099999999998834        0.0000000000000000     
   7.5199999999998832        0.0000000000000000     
   7.5299999999998830        0.0000000000000000     
   7.5399999999998828        0.0000000000000000     
   7.5499999999998826        0.0000000000000000     
   7.5599999999998824        0.0000000000000000     
   7.5699999999998822        0.0000000000000000     
   7.5799999999998819        0.0000000000000000     
   7.5899999999998817        0.0000000000000000     
   7.5999999999998815        0.0000000000000000     
   7.6099999999998813        0.0000000000000000     
   7.6199999999998811        0.0000000000000000     
   7.6299999999998809        0.0000000000000000     
   7.6399999999998807        0.0000000000000000     
   7.6499999999998805        0.0000000000000000     
   7.6599999999998802        0.0000000000000000     
   7.6699999999998800        0.0000000000000000     
   7.6799999999998798        0.0000000000000000     
   7.6899999999998796        0.0000000000000000     
   7.6999999999998794        0.0000000000000000     
   7.7099999999998792        0.0000000000000000     
   7.7199999999998790        0.0000000000000000     
   7.7299999999998787        0.0000000000000000     
   7.7399999999998785        0.0000000000000000     
   7.7499999999998783        0.0000000000000000     
   7.7599999999998781        0.0000000000000000     
   7.7699999999998779        0.0000000000000000     
   7.7799999999998777        0.0000000000000000     
   7.7899999999998775        0.0000000000000000     
   7.7999999999998773        0.0000000000000000     
   7.8099999999998770        0.0000000000000000     
   7.8199999999998768        0.0000000000000000     
   7.8299999999998766        0.0000000000000000     
   7.8399999999998764        0.0000000000000000     
   7.8499999999998762        0.0000000000000000     
   7.8599999999998760        0.0000000000000000     
   7.8699999999998758        0.0000000000000000     
   7.8799999999998755        0.0000000000000000     
   7.8899999999998753        0.0000000000000000     
   7.8999999999998751        0.0000000000000000     
   7.9099999999998749        0.0000000000000000     
   7.9199999999998747        0.0000000000000000     
   7.9299999999998745        0.0000000000000000     
   7.9399999999998743        0.0000000000000000     
   7.9499999999998741        0.0000000000000000     
   7.9599999999998738        0.0000000000000000     
   7.9699999999998736        0.0000000000000000     
   7.9799999999998734        0.0000000000000000     
   7.9899999999998732        0.0000000000000000     
   7.9999999999998730        0.0000000000000000     
   8.0099999999998737        0.0000000000000000     
   8.0199999999998735        0.0000000000000000     
   8.0299999999998732        0.0000000000000000     
   8.0399999999998730        0.0000000000000000     
   8.0499999999998728        0.0000000000000000     
   8.0599999999998726        0.0000000000000000     
   8.0699999999998724        0.0000000000000000     
   8.0799999999998722        0.0000000000000000     
   8.0899999999998720        0.0000000000000000     
   8.0999999999998717        0.0000000000000000     
   8.1099999999998715        0.0000000000000000     
   8.1199999999998713        0.0000000000000000     
   8.1299999999998711        0.0000000000000000     
   8.1399999999998709        0.0000000000000000     
   8.1499999999998707        0.0000000000000000     
   8.1599999999998705        0.0000000000000000     
   8.1699999999998703        0.0000000000000000     
   8.1799999999998700        0.0000000000000000     
   8.1899999999998698        0.0000000000000000     
   8.1999999999998696        0.0000000000000000     
   8.2099999999998694        0.0000000000000000     
   8.2199999999998692        0.0000000000000000     
   8.2299999999998690        0.0000000000000000     
   8.2399999999998688        0.0000000000000000     
   8.2499999999998685        0.0000000000000000     
   8.2599999999998683        0.0000000000000000     
   8.2699999999998681        0.0000000000000000     
   8.2799999999998679        0.0000000000000000     
   8.2899999999998677        0.0000000000000000     
   8.2999999999998675        0.0000000000000000     
   8.3099999999998673        0.0000000000000000     
   8.3199999999998671        0.0000000000000000     
   8.3299999999998668        0.0000000000000000     
   8.3399999999998666        0.0000000000000000     
   8.3499999999998664        0.0000000000000000     
   8.3599999999998662        0.0000000000000000     
   8.3699999999998660        0.0000000000000000     
   8.3799999999998658        0.0000000000000000     
   8.3899999999998656        0.0000000000000000     
   8.3999999999998654        0.0000000000000000     
   8.4099999999998651        0.0000000000000000     
   8.4199999999998649        0.0000000000000000     
   8.4299999999998647        0.0000000000000000     
   8.4399999999998645        0.0000000000000000     
   8.4499999999998643        0.0000000000000000     
   8.4599999999998641        0.0000000000000000     
   8.4699999999998639        0.0000000000000000     
   8.4799999999998636        0.0000000000000000     
   8.4899999999998634        0.0000000000000000     
   8.4999999999998632        0.0000000000000000     
   8.5099999999998630        0.0000000000000000     
   8.5199999999998628        0.0000000000000000     
   8.5299999999998626        0.0000000000000000     
   8.5399999999998624        0.0000000000000000     
   8.5499999999998622        0.0000000000000000     
   8.5599999999998619        0.0000000000000000     
   8.5699999999998617        0.0000000000000000     
   8.5799999999998615        0.0000000000000000     
   8.5899999999998613        0.0000000000000000     
   8.5999999999998611        0.0000000000000000     
   8.6099999999998609        0.0000000000000000     
   8.6199999999998607        0.0000000000000000     
   8.6299999999998604        0.0000000000000000     
   8.6399999999998602        0.0000000000000000     
   8.6499999999998600        0.0000000000000000     
   8.6599999999998598        0.0000000000000000     
   8.6699999999998596        0.0000000000000000     
   8.6799999999998594        0.0000000000000000     
   8.6899999999998592        0.0000000000000000     
   8.6999999999998590        0.0000000000000000     
   8.7099999999998587        0.0000000000000000     
   8.7199999999998585        0.0000000000000000     
   8.7299999999998583        0.0000000000000000     
   8.7399999999998581        0.0000000000000000     
   8.7499999999998579        0.0000000000000000     
   8.7599999999998577        0.0000000000000000     
   8.7699999999998575        0.0000000000000000     
   8.7799999999998573        0.0000000000000000     
   8.7899999999998570        0.0000000000000000     
   8.7999999999998568        0.0000000000000000     
   8.8099999999998566        0.0000000000000000     
   8.8199999999998564        0.0000000000000000     
   8.8299999999998562        0.0000000000000000     
   8.8399999999998560        0.0000000000000000     
   8.8499999999998558        0.0000000000000000     
   8.8599999999998555        0.0000000000000000     
   8.8699999999998553        0.0000000000000000     
   8.8799999999998551        0.0000000000000000     
   8.8899999999998549        0.0000000000000000     
   8.8999999999998547        0.0000000000000000     
   8.9099999999998545        0.0000000000000000     
   8.9199999999998543        0.0000000000000000     
   8.9299999999998541        0.0000000000000000     
   8.9399999999998538        0.0000000000000000     
   8.9499999999998536        0.0000000000000000     
   8.9599999999998534        0.0000000000000000     
   8.9699999999998532        0.0000000000000000     
   8.9799999999998530        0.0000000000000000     
   8.9899999999998528        0.0000000000000000     
   8.9999999999998526        0.0000000000000000     
